daynum,id,date,retweet_count,reply_count,like_count,quote_count
1,1543250339385823232,2022-07-02,1,1,1,0
2,1543252557954514944,2022-07-02,0,0,0,0
3,1544366260342890497,2022-07-05,1,1,2,0
4,1544758709561303041,2022-07-06,4,1,4,0
5,1545117522613207043,2022-07-07,5,0,5,0
6,1545446006136897536,2022-07-08,5,0,2,0
7,1547713647815733250,2022-07-14,2,0,4,0
8,1547993617137954822,2022-07-15,7,0,6,0
9,1548334043460018178,2022-07-16,3,1,6,0
10,1548722515379458050,2022-07-17,3,0,7,0
11,1549151425418219525,2022-07-18,6,2,7,0
12,1554210080802967558,2022-08-01,5,0,6,0
13,1558191455402921985,2022-08-12,9,0,3,0
14,1558762543904169985,2022-08-14,18,2,10,0
15,1561328865305321473,2022-08-21,7,0,6,0
